1000
54
324
-323
-429
151
338
-358
-492
-151
-441
-45
-195
269
-2
-87
-372
-259
-333
-152
53
99
242
394
-145
-437
483
-302
-127
-37
163
-204
-131
340
-27
-60
343
-189
435
351
-488
-154
158
-182
-384
-344
-417
96
250
102
-204
155
-298
-109
50
57
-46
385
-393
-321
-151
271
-25
-430
111
-200
363
-46
111
298
157
124
-4
-185
-206
112
324
229
61
74
-168
357
81
386
-252
-369
-57
202
-131
403
-266
218
174
-439
288
137
-138
151
-57
-175
301
-400
-199
-202
-85
447
-238
-261
177
-325
-335
-491
-467
247
395
-219
-270
190
-164
99
93
422
169
119
483
310
108
197
313
-449
-125
467
3
176
117
419
476
379
10
153
-93
176
162
-60
275
409
-427
-143
99
-91
457
45
183
478
16
-481
288
-375
216
454
28
-57
421
-468
-28
38
-197
-52
269
313
-399
-324
341
-385
468
116
-124
-458
474
475
303
-217
372
-13
-239
241
6
-98
366
74
-144
246
-482
-223
278
342
-333
-419
-210
436
-253
243
-35
-412
-290
-67
205
86
-25
-469
413
-221
-186
286
-382
75
27
124
-171
245
50
185
343
420
-186
122
262
333
-445
-96
270
-198
-1
87
-109
209
-480
-52
-205
348
-21
-291
-373
293
-153
97
220
-274
-279
-98
-177
-377
-413
-334
-456
254
-360
-342
87
-304
415
209
350
-86
-204
93
-376
169
-459
271
17
372
-168
496
-483
179
93
238
-243
-334
-360
432
-211
79
-401
185
185
-261
-304
-227
287
-389
482
490
25
131
83
-499
-200
125
273
317
-3
-395
-335
15
-363
258
105
-106
-224
-403
-173
417
-472
278
103
214
-131
299
-161
9
-238
173
-1
287
-196
-418
-359
456
-441
414
273
409
-129
-210
276
8
-100
233
-245
176
330
434
94
-290
-436
49
424
285
200
-237
-206
462
437
293
-399
93
-272
-258
50
-213
8
175
-304
380
466
-176
240
-134
-443
-153
-105
-261
133
489
-50
197
390
-126
-17
90
490
-371
404
-221
423
-495
372
-349
100
274
290
-392
-50
-161
-160
-84
163
-67
-366
-427
-368
381
-188
266
370
262
315
-388
-11
150
-446
-21
280
458
-390
-445
-184
-166
58
416
-391
200
-124
59
-461
-431
-173
-445
2
313
-372
486
195
-60
252
417
55
420
-470
-456
70
-416
375
202
-457
485
-391
-141
171
167
127
280
-132
-145
-161
259
-76
-482
314
-222
332
-206
-235
27
-413
-131
-56
142
-211
326
-462
-288
411
413
414
-194
-250
-476
-483
421
-457
496
202
263
-149
-107
23
276
264
189
-446
96
-164
171
-25
-77
-459
-229
-435
-170
-402
-397
42
-139
-132
309
-481
118
333
-112
391
-272
-116
445
492
-413
191
367
363
-45
56
-230
-97
392
441
378
-185
-166
1
232
165
451
-313
59
-188
55
-132
183
25
53
-77
269
282
307
214
-374
395
-95
493
-390
-288
401
232
115
294
-474
-7
-39
-140
-153
46
-123
-202
233
437
463
141
157
146
18
-289
-430
-213
-155
-271
-146
323
-24
259
316
439
472
217
171
439
363
197
285
177
-90
-368
-277
287
-70
-192
-424
-107
-199
234
-108
320
445
-38
-41
142
-457
313
-35
20
425
133
-41
397
-150
-18
336
66
-320
121
-257
442
-395
-34
229
36
274
306
429
-424
40
-179
-252
337
-365
207
331
-321
373
-204
-449
298
429
362
-453
131
-156
-265
-303
376
-291
-60
318
-186
-242
400
350
-467
-442
-368
-39
98
305
-439
287
441
-380
118
-28
493
-234
23
-357
47
-115
-310
-322
229
-74
-124
458
135
-332
276
-199
-73
176
-348
312
-414
136
-227
-464
-59
186
323
234
306
293
-294
-348
-441
-419
-205
106
318
338
-363
400
-236
13
358
-249
-467
134
404
-40
163
-444
-228
249
-456
397
286
-14
83
461
72
242
-393
279
-254
-334
-288
41
-375
-469
-121
-238
431
495
-373
289
98
-340
275
3
473
290
411
-255
392
456
-357
178
294
-422
491
218
-328
-402
-3
-82
117
210
-188
-406
241
-457
208
172
-109
-313
313
489
199
88
344
172
-121
256
418
-229
-436
-87
-199
-290
343
-208
428
-484
243
278
-66
212
340
246
306
433
-358
14
457
33
-447
270
22
252
-142
219
-75
-411
-25
195
-140
391
-392
-487
-47
451
158
233
-181
-99
11
254
-35
203
352
-229
136
494
-363
93
27
-310
215
-98
-206
-74
-379
219
15
448
-86
-272
-309
374
-259
144
-322
-249
229
-3
-496
-259
-249
-31
-204
-44
240
433
302
-271
378
182
271
446
-64
-434
-128
57
-363
-261
357
52
-33
-452
278
-439
-456
456
-188
273
-46
-183
-134
205
286
163
13
379
448
-184
-40
-322
-150
-268
-376
286
150
348
195
287
-412
52
191
55
452
-30
468
496
-74
133
-379
380
450
-12
438
-412
3
-49
-181
-49
-381
280
481
-31
-136
-394
-245
-486
454
450
-347
-458
354
345
450
306
-185
-230
-346
-407
403
-224
474
-295
-384
412
-206
119
215
465
-78
335
-403
-97
156
-39
9
-236
327
316
66
481
-290
-79
-322
12
-273
-7
283
234
86
-462
-490
412
-256
-374
-324
390
245
392
355
19
-421
453
422
235
266
284
-149
94
100
418
427
-338
-161
-395
175
